 MET           1   0.00000000       0.00000000    
 SER           2   0.00000000       0.00000000    
 TYR           3   0.00000000       0.00000000    
 PHE           4   0.00000000       0.00000000    
 GLU           5   0.00000000       0.00000000    
 HIE           6   0.00000000       0.00000000    
 ILE           7   0.00000000       0.00000000    
 PRO           8   0.00000000       0.00000000    
 ALA           9   0.00000000       0.00000000    
 ILE          10   0.00000000       0.00000000    
 ARG          11   0.00000000       0.00000000    
 TYR          12   0.00000000       0.00000000    
 GLU          13   0.00000000       0.00000000    
 GLY          14   0.00000000       0.00000000    
 PRO          15   0.00000000       0.00000000    
 GLN          16   0.00000000       0.00000000    
 SER          17   0.00000000       0.00000000    
 ASP          18   0.00000000       0.00000000    
 ASN          19   0.00000000       0.00000000    
 PRO          20   0.00000000       0.00000000    
 LEU          21   0.00000000       0.00000000    
 ALA          22   0.00000000       0.00000000    
 TYR          23   0.00000000       0.00000000    
 HID          24   0.00000000       0.00000000    
 HIE          25   0.00000000       0.00000000    
 TYR          26   0.00000000       0.00000000    
 ASP          27   0.00000000       0.00000000    
 PRO          28   0.00000000       0.00000000    
 ASP          29   0.00000000       0.00000000    
 LYS          30   0.00000000       0.00000000    
 ARG          31   0.00000000       0.00000000    
 VAL          32   0.00000000       0.00000000    
 LEU          33   0.00000000       0.00000000    
 GLY          34   0.00000000       0.00000000    
 LYS          35   0.00000000       0.00000000    
 THR          36   0.00000000       0.00000000    
 LEU          37   0.00000000       0.00000000    
 ALA          38   0.00000000       0.00000000    
 GLU          39   0.00000000       0.00000000    
 HID          40   0.00000000       0.00000000    
 LEU          41   0.00000000       0.00000000    
 ARG          42   0.00000000       0.00000000    
 ILE          43   0.00000000       0.00000000    
 ALA          44   0.00000000       0.00000000    
 VAL          45   0.00000000       0.00000000    
 CYS          46   0.00000000       0.00000000    
 TYR          47   0.00000000       0.00000000    
 TRP          48   12.9973822       3.25403762    
 HIE          49   6.11292362       3.01978278    
 THR          50   0.00000000       0.00000000    
 PHE          51   0.00000000       0.00000000    
 VAL          52   0.00000000       0.00000000    
 TRP          53   3.93651761E-02  0.308016926    
 PRO          54   0.00000000       0.00000000    
 GLY          55   0.00000000       0.00000000    
 HIE          56   0.00000000       0.00000000    
 ASP          57   0.00000000       0.00000000    
 ILE          58   0.00000000       0.00000000    
 PHE          59   0.00000000       0.00000000    
 GLY          60   0.00000000       0.00000000    
 GLN          61   0.00000000       0.00000000    
 ALA          62   0.00000000       0.00000000    
 ALA          63   0.00000000       0.00000000    
 PHE          64   0.00000000       0.00000000    
 ARG          65   0.00000000       0.00000000    
 ARG          66   0.00000000       0.00000000    
 PRO          67   0.00000000       0.00000000    
 TRP          68   0.00000000       0.00000000    
 GLN          69   0.00000000       0.00000000    
 GLN          70   0.00000000       0.00000000    
 PRO          71   0.00000000       0.00000000    
 GLY          72   0.00000000       0.00000000    
 ASP          73   0.00000000       0.00000000    
 ALA          74   0.00000000       0.00000000    
 LEU          75   0.00000000       0.00000000    
 GLU          76   0.00000000       0.00000000    
 ARG          77   0.00000000       0.00000000    
 ALA          78   0.00000000       0.00000000    
 ARG          79   0.00000000       0.00000000    
 MET          80   0.00000000       0.00000000    
 LYS          81   0.00000000       0.00000000    
 ALA          82   0.00000000       0.00000000    
 ASP          83   0.00000000       0.00000000    
 ALA          84   0.00000000       0.00000000    
 ALA          85   0.00000000       0.00000000    
 PHE          86   0.00000000       0.00000000    
 GLU          87   0.00000000       0.00000000    
 PHE          88   0.00000000       0.00000000    
 PHE          89   0.00000000       0.00000000    
 THR          90   0.00000000       0.00000000    
 LYS          91   0.00000000       0.00000000    
 LEU          92   0.00000000       0.00000000    
 GLY          93   0.00000000       0.00000000    
 THR          94   0.00000000       0.00000000    
 PRO          95   0.00000000       0.00000000    
 PHE          96   0.00000000       0.00000000    
 TYR          97   0.00000000       0.00000000    
 THR          98   0.00000000       0.00000000    
 PHE          99   0.00000000       0.00000000    
 HIP         100   11.3453159       2.24984884    
 ASP         101   0.00000000       0.00000000    
 THR         102   0.00000000       0.00000000    
 ASP         103   0.00000000       0.00000000    
 VAL         104   0.00000000       0.00000000    
 ALA         105   0.00000000       0.00000000    
 PRO         106   0.00000000       0.00000000    
 GLU         107   0.00000000       0.00000000    
 GLY         108   0.00000000       0.00000000    
 ASP         109   0.00000000       0.00000000    
 SER         110   0.00000000       0.00000000    
 LEU         111   0.00000000       0.00000000    
 ARG         112   0.00000000       0.00000000    
 GLU         113   0.00000000       0.00000000    
 TYR         114   0.00000000       0.00000000    
 ALA         115   0.00000000       0.00000000    
 ALA         116   0.00000000       0.00000000    
 ASN         117   0.00000000       0.00000000    
 PHE         118   0.00000000       0.00000000    
 ALA         119   0.00000000       0.00000000    
 ARG         120   0.00000000       0.00000000    
 MET         121   0.00000000       0.00000000    
 VAL         122   0.00000000       0.00000000    
 ASP         123   0.00000000       0.00000000    
 TYR         124   0.00000000       0.00000000    
 LEU         125   0.00000000       0.00000000    
 GLY         126   0.00000000       0.00000000    
 GLU         127   0.00000000       0.00000000    
 ARG         128   0.00000000       0.00000000    
 GLN         129   0.00000000       0.00000000    
 GLN         130   0.00000000       0.00000000    
 ALA         131   0.00000000       0.00000000    
 SER         132   0.00000000       0.00000000    
 GLY         133   0.00000000       0.00000000    
 VAL         134   0.00000000       0.00000000    
 ARG         135   0.00000000       0.00000000    
 LEU         136   0.00000000       0.00000000    
 LEU         137   0.00000000       0.00000000    
 TRP         138   5.97391796       2.21485782    
 GLY         139   0.00000000       0.00000000    
 THR         140   2.99703074       1.47685027    
 ALA         141   8.72061762E-04   3.74312885E-02
 ASN         142   5.79663203E-04   2.31039338E-02
 LEU         143   0.00000000       0.00000000    
 PHE         144   5.41337967       1.90136278    
 SER         145   0.00000000       0.00000000    
 HIE         146   0.00000000       0.00000000    
 PRO         147   0.00000000       0.00000000    
 ARG         148   0.00000000       0.00000000    
 PHE         149   0.00000000       0.00000000    
 ALA         150   0.00000000       0.00000000    
 ALA         151   0.00000000       0.00000000    
 GLY         152   0.00000000       0.00000000    
 ALA         153   0.00000000       0.00000000    
 ALA         154   0.00000000       0.00000000    
 THR         155   0.00000000       0.00000000    
 ASN         156   0.00000000       0.00000000    
 PRO         157   0.00000000       0.00000000    
 ASN         158   0.00000000       0.00000000    
 PRO         159   0.00000000       0.00000000    
 ASP         160   0.00000000       0.00000000    
 VAL         161   0.00000000       0.00000000    
 PHE         162   0.00000000       0.00000000    
 ALA         163   0.00000000       0.00000000    
 TRP         164   0.00000000       0.00000000    
 ALA         165   0.00000000       0.00000000    
 ALA         166   0.00000000       0.00000000    
 THR         167   0.00000000       0.00000000    
 GLN         168   0.00000000       0.00000000    
 VAL         169   0.00000000       0.00000000    
 CYS         170   0.00000000       0.00000000    
 HID         171   0.00000000       0.00000000    
 ALA         172   0.00000000       0.00000000    
 LEU         173   0.00000000       0.00000000    
 ASP         174   0.00000000       0.00000000    
 ALA         175   0.00000000       0.00000000    
 THR         176   0.00000000       0.00000000    
 HIE         177   0.00000000       0.00000000    
 ARG         178   0.00000000       0.00000000    
 LEU         179   0.00000000       0.00000000    
 GLY         180   0.00000000       0.00000000    
 GLY         181   0.00000000       0.00000000    
 GLU         182   0.00000000       0.00000000    
 ASN         183   0.00000000       0.00000000    
 TYR         184   0.00000000       0.00000000    
 VAL         185   2.89277864       1.47211516    
 LEU         186   0.00000000       0.00000000    
 TRP         187   22.7895832       4.02514458    
 GLY         188   0.00000000       0.00000000    
 GLY         189   3.56882550E-02  0.237466946    
 ARG         190   0.00000000       0.00000000    
 GLU         191   0.00000000       0.00000000    
 GLY         192   0.00000000       0.00000000    
 TYR         193   0.00000000       0.00000000    
 GLU         194   0.00000000       0.00000000    
 THR         195   0.00000000       0.00000000    
 LEU         196   0.00000000       0.00000000    
 LEU         197   0.00000000       0.00000000    
 ASN         198   0.00000000       0.00000000    
 THR         199   0.00000000       0.00000000    
 ASP         200   0.00000000       0.00000000    
 LEU         201   0.00000000       0.00000000    
 LYS         202   0.00000000       0.00000000    
 ARG         203   0.00000000       0.00000000    
 GLU         204   0.00000000       0.00000000    
 ARG         205   0.00000000       0.00000000    
 ASP         206   0.00000000       0.00000000    
 GLN         207   0.00000000       0.00000000    
 PHE         208   0.00000000       0.00000000    
 ALA         209   0.00000000       0.00000000    
 ARG         210   0.00000000       0.00000000    
 PHE         211   0.00000000       0.00000000    
 LEU         212   0.00000000       0.00000000    
 SER         213   0.00000000       0.00000000    
 MET         214   0.00000000       0.00000000    
 VAL         215   0.00000000       0.00000000    
 VAL         216   0.00000000       0.00000000    
 GLU         217   0.00000000       0.00000000    
 HIE         218   0.00000000       0.00000000    
 LYS         219   0.00000000       0.00000000    
 HIE         220   0.00000000       0.00000000    
 ARG         221   0.00000000       0.00000000    
 ILE         222   0.00000000       0.00000000    
 GLY         223   0.00000000       0.00000000    
 PHE         224   0.00000000       0.00000000    
 LYS         225   0.00000000       0.00000000    
 GLY         226   0.00000000       0.00000000    
 ALA         227   0.00000000       0.00000000    
 LEU         228   0.00000000       0.00000000    
 LEU         229   0.00000000       0.00000000    
 ILE         230   0.00000000       0.00000000    
 GLU         231   10.6686611       2.63017988    
 PRO         232   2.39180699E-02  0.284158885    
 LYS         233   6.73394871       3.38106513    
 PRO         234   1.08288345E-03   4.34868000E-02
 GLN         235   5.72226360E-04   2.28228774E-02
 GLU         236   2.08761549       1.54869270    
 PRO         237  0.549572527      0.864456892    
 THR         238   0.00000000       0.00000000    
 LYS         239   0.00000000       0.00000000    
 HID         240   0.00000000       0.00000000    
 GLN         241   1.11145675E-02  0.140517518    
 TYR         242   0.00000000       0.00000000    
 ASP         243   0.00000000       0.00000000    
 TYR         244   0.00000000       0.00000000    
 ASP         245   0.00000000       0.00000000    
 VAL         246   0.00000000       0.00000000    
 ALA         247   0.00000000       0.00000000    
 THR         248   0.00000000       0.00000000    
 VAL         249   0.00000000       0.00000000    
 HID         250   0.00000000       0.00000000    
 GLY         251   0.00000000       0.00000000    
 PHE         252   0.00000000       0.00000000    
 LEU         253   0.00000000       0.00000000    
 VAL         254   0.00000000       0.00000000    
 GLN         255   0.00000000       0.00000000    
 TYR         256   0.00000000       0.00000000    
 GLY         257   0.00000000       0.00000000    
 LEU         258   0.00000000       0.00000000    
 GLN         259   0.00000000       0.00000000    
 ASN         260   0.00000000       0.00000000    
 GLU         261   0.00000000       0.00000000    
 ILE         262   0.00000000       0.00000000    
 ARG         263   0.00000000       0.00000000    
 VAL         264   0.00000000       0.00000000    
 ASN         265   1.59877315E-02  0.149947807    
 ILE         266   0.00000000       0.00000000    
 GLU         267   10.2276926       3.35205197    
 ALA         268   0.00000000       0.00000000    
 ASN         269   2.33486854E-02  0.266817838    
 HID         270   13.4203043       3.20085549    
 ALA         271   1.25481305E-03   4.25531305E-02
 THR         272   1.09756896E-02  0.158450156    
 LEU         273   2.28797588E-02  0.263147622    
 ALA         274   0.00000000       0.00000000    
 GLY         275   0.00000000       0.00000000    
 HIE         276   0.00000000       0.00000000    
 SER         277   0.00000000       0.00000000    
 PHE         278   0.00000000       0.00000000    
 HIE         279   0.00000000       0.00000000    
 HIE         280   0.00000000       0.00000000    
 GLU         281   0.00000000       0.00000000    
 ILE         282   0.00000000       0.00000000    
 ALA         283   0.00000000       0.00000000    
 ASN         284   0.00000000       0.00000000    
 ALA         285   0.00000000       0.00000000    
 PHE         286   0.00000000       0.00000000    
 ALA         287   0.00000000       0.00000000    
 LEU         288   0.00000000       0.00000000    
 GLY         289   0.00000000       0.00000000    
 VAL         290   0.00000000       0.00000000    
 PHE         291   0.00000000       0.00000000    
 GLY         292   0.00000000       0.00000000    
 SER         293   0.00000000       0.00000000    
 VAL         294   0.00000000       0.00000000    
 ASP         295  0.216654688      0.778245509    
 ALA         296   0.00000000       0.00000000    
 ASN         297  0.183554873      0.911270082    
 ARG         298   0.00000000       0.00000000    
 GLY         299   4.97813150E-03  0.105856501    
 ASP         300   9.29919537E-03  0.139772311    
 PRO         301   0.00000000       0.00000000    
 GLN         302   0.00000000       0.00000000    
 ASN         303   2.50778627E-03   8.69684964E-02
 GLY         304   0.00000000       0.00000000    
 TRP         305   1.45422304       1.31368065    
 ASP         306   16.3958473       4.04582024    
 THR         307  0.514018714      0.900284171    
 ASP         308   12.9966717       3.25074005    
 GLN         309   0.00000000       0.00000000    
 PHE         310   0.00000000       0.00000000    
 PRO         311   0.00000000       0.00000000    
 ASN         312   0.00000000       0.00000000    
 SER         313   0.00000000       0.00000000    
 VAL         314   0.00000000       0.00000000    
 GLU         315   0.00000000       0.00000000    
 GLU         316   0.00000000       0.00000000    
 LEU         317   0.00000000       0.00000000    
 THR         318   0.00000000       0.00000000    
 LEU         319   0.00000000       0.00000000    
 ALA         320   0.00000000       0.00000000    
 PHE         321   0.00000000       0.00000000    
 TYR         322   0.00000000       0.00000000    
 GLU         323   0.00000000       0.00000000    
 ILE         324   0.00000000       0.00000000    
 LEU         325   0.00000000       0.00000000    
 ARG         326   0.00000000       0.00000000    
 HIE         327   0.00000000       0.00000000    
 GLY         328   0.00000000       0.00000000    
 GLY         329   0.00000000       0.00000000    
 PHE         330   0.00000000       0.00000000    
 THR         331   0.00000000       0.00000000    
 THR         332   0.00000000       0.00000000    
 GLY         333   0.00000000       0.00000000    
 GLY         334   0.00000000       0.00000000    
 MET         335   0.00000000       0.00000000    
 ASN         336   2.54533235E-02  0.256039351    
 PHE         337   0.00000000       0.00000000    
 ASP         338   18.1406307       3.90392733    
 ALA         339   0.00000000       0.00000000    
 LYS         340   3.78774667       2.03288293    
 VAL         341   0.00000000       0.00000000    
 ARG         342   9.26140929E-04   5.20131625E-02
 ARG         343   0.00000000       0.00000000    
 GLN         344   0.00000000       0.00000000    
 SER         345   0.00000000       0.00000000    
 ILE         346   0.00000000       0.00000000    
 ASP         347   0.00000000       0.00000000    
 PRO         348   0.00000000       0.00000000    
 GLU         349   0.00000000       0.00000000    
 ASP         350   0.00000000       0.00000000    
 LEU         351   0.00000000       0.00000000    
 PHE         352   0.00000000       0.00000000    
 TYR         353   0.00000000       0.00000000    
 GLY         354   0.00000000       0.00000000    
 HID         355   0.00000000       0.00000000    
 VAL         356   0.00000000       0.00000000    
 GLY         357   0.00000000       0.00000000    
 ALA         358   0.00000000       0.00000000    
 ILE         359   0.00000000       0.00000000    
 ASP         360   0.00000000       0.00000000    
 VAL         361   0.00000000       0.00000000    
 LEU         362   0.00000000       0.00000000    
 ALA         363   0.00000000       0.00000000    
 LEU         364   0.00000000       0.00000000    
 ALA         365   0.00000000       0.00000000    
 LEU         366   0.00000000       0.00000000    
 GLU         367   0.00000000       0.00000000    
 ARG         368   0.00000000       0.00000000    
 ALA         369   0.00000000       0.00000000    
 ALA         370   0.00000000       0.00000000    
 VAL         371   0.00000000       0.00000000    
 LEU         372   0.00000000       0.00000000    
 VAL         373   0.00000000       0.00000000    
 GLU         374   0.00000000       0.00000000    
 ASN         375   0.00000000       0.00000000    
 ASP         376   0.00000000       0.00000000    
 ARG         377   0.00000000       0.00000000    
 LEU         378   0.00000000       0.00000000    
 ASP         379   0.00000000       0.00000000    
 ALA         380   0.00000000       0.00000000    
 LEU         381   0.00000000       0.00000000    
 ARG         382   0.00000000       0.00000000    
 ARG         383   0.00000000       0.00000000    
 GLN         384   0.00000000       0.00000000    
 ARG         385   0.00000000       0.00000000    
 TYR         386   0.00000000       0.00000000    
 ALA         387   0.00000000       0.00000000    
 GLN         388   0.00000000       0.00000000    
 TRP         389   0.00000000       0.00000000    
 ASP         390   0.00000000       0.00000000    
 ASP         391   0.00000000       0.00000000    
 ALA         392   0.00000000       0.00000000    
 PHE         393   0.00000000       0.00000000    
 GLY         394   0.00000000       0.00000000    
 ARG         395   0.00000000       0.00000000    
 LYS         396   0.00000000       0.00000000    
 ILE         397   0.00000000       0.00000000    
 LEU         398   0.00000000       0.00000000    
 ALA         399   0.00000000       0.00000000    
 GLY         400   0.00000000       0.00000000    
 GLY         401   0.00000000       0.00000000    
 TYR         402   0.00000000       0.00000000    
 THR         403   0.00000000       0.00000000    
 LEU         404   0.00000000       0.00000000    
 GLU         405   0.00000000       0.00000000    
 SER         406   0.00000000       0.00000000    
 LEU         407   0.00000000       0.00000000    
 ALA         408   0.00000000       0.00000000    
 ALA         409   0.00000000       0.00000000    
 ASP         410   0.00000000       0.00000000    
 ALA         411   0.00000000       0.00000000    
 LEU         412   0.00000000       0.00000000    
 ALA         413   0.00000000       0.00000000    
 ARG         414   0.00000000       0.00000000    
 GLY         415   0.00000000       0.00000000    
 VAL         416   0.00000000       0.00000000    
 ASP         417   0.00000000       0.00000000    
 PRO         418   0.00000000       0.00000000    
 GLN         419   0.00000000       0.00000000    
 HID         420   0.00000000       0.00000000    
 ALA         421   0.00000000       0.00000000    
 SER         422   0.00000000       0.00000000    
 GLY         423   0.00000000       0.00000000    
 ALA         424   0.00000000       0.00000000    
 GLN         425   0.00000000       0.00000000    
 GLU         426   0.00000000       0.00000000    
 ARG         427   0.00000000       0.00000000    
 LEU         428   0.00000000       0.00000000    
 GLU         429   0.00000000       0.00000000    
 ASN         430   0.00000000       0.00000000    
 ILE         431   0.00000000       0.00000000    
 VAL         432   0.00000000       0.00000000    
 ASN         433   0.00000000       0.00000000    
 GLN         434   0.00000000       0.00000000    
 ALA         435   0.00000000       0.00000000    
 ILE         436   0.00000000       0.00000000    
 TYR         437   0.00000000       0.00000000    
 GLY         438   0.00000000       0.00000000    
 LEU         439   0.00000000       0.00000000    
 ARG         440   0.00000000       0.00000000    
 ROH         441   13.2287664       1.42957890    
 0XA         442   105.642197       5.77990961    
 MNG         443   22.8094196       1.74042380    
 MNG         444   28.0024014       1.82338870    
